[gd_scene load_steps=8 format=2]

[ext_resource path="res://assets/scripts/rotateBlock.gd" type="Script" id=1]
[ext_resource path="res://assets/instanceScenes/shelvesLoPolyNoCollision.tscn" type="PackedScene" id=2]
[ext_resource path="res://assets/shaders/flatColor.tres" type="Shader" id=3]
[ext_resource path="res://assets/instanceScenes/drawersBaseLoPoly.tscn" type="PackedScene" id=4]
[ext_resource path="res://assets/instanceScenes/shelvesLoPoly.tscn" type="PackedScene" id=5]
[ext_resource path="res://assets/instanceScenes/drawersLoPoly.tscn" type="PackedScene" id=6]

[sub_resource type="ShaderMaterial" id=2]
shader = ExtResource( 3 )
shader_param/color = Color( 1, 1, 1, 1 )

[node name="Spatial" type="Spatial"]

[node name="CSGBox" type="CSGBox" parent="."]
transform = Transform( 0.353553, 0, 0.353553, 0, 0.5, 0, -0.353553, 0, 0.353553, 0, 1, 0 )
material = SubResource( 2 )
script = ExtResource( 1 )

[node name="floor" type="CSGBox" parent="."]
transform = Transform( 0.707107, 0, 0.707107, 0, 1, 0, -0.707107, 0, 0.707107, 0, -0.05, 0 )
width = 10.0
height = 0.1
depth = 10.0

[node name="DirectionalLight" type="DirectionalLight" parent="."]
transform = Transform( 0.803777, 0.110803, -0.584521, 0.538194, -0.554157, 0.635025, -0.253554, -0.825005, -0.505052, 0, 5.45837, 0 )
shadow_enabled = true
shadow_bias = 0.0

[node name="Camera" type="Camera" parent="."]
transform = Transform( 1, 0, 0, 0, 0.939692, 0.34202, 0, -0.34202, 0.939692, 0, 2, 4 )
fov = 50.0

[node name="shelvesLoPoly4" parent="." instance=ExtResource( 2 )]
transform = Transform( 0.707107, 0, -0.707107, 0, 1, 0, 0.707107, 0, 0.707107, 2.5, 1, 0 )

[node name="drawersLoPoly" parent="shelvesLoPoly4" instance=ExtResource( 6 )]

[node name="shelvesLoPoly3" parent="." instance=ExtResource( 5 )]
transform = Transform( 0.707107, 0, -0.707107, 0, 1, 0, 0.707107, 0, 0.707107, 2.5, 0.7, 0 )

[node name="shelvesLoPoly2" parent="." instance=ExtResource( 5 )]
transform = Transform( 0.707107, 0, -0.707107, 0, 1, 0, 0.707107, 0, 0.707107, 2.5, 0.4, 0 )

[node name="shelvesLoPoly" parent="." instance=ExtResource( 5 )]
transform = Transform( 0.707107, 0, -0.707107, 0, 1, 0, 0.707107, 0, 0.707107, 2.5, 0.1, 0 )

[node name="drawersBaseLoPoly" parent="." instance=ExtResource( 4 )]
transform = Transform( 0.707107, 0, -0.707107, 0, 1, 0, 0.707107, 0, 0.707107, 2.5, 0, 0 )
