[gd_scene load_steps=7 format=2]

[ext_resource path="res://assets/scripts/rotateBlock.gd" type="Script" id=1]
[ext_resource path="res://assets/scripts/clickManager.gd" type="Script" id=2]
[ext_resource path="res://assets/shaders/flatColor.tres" type="Shader" id=3]
[ext_resource path="res://assets/instanceScenes/drawersBaseLoPoly.tscn" type="PackedScene" id=4]

[sub_resource type="ShaderMaterial" id=2]
shader = ExtResource( 3 )
shader_param/color = Color( 1, 1, 1, 1 )

[sub_resource type="BoxShape" id=3]

[node name="Spatial" type="Spatial"]
script = ExtResource( 2 )

[node name="CSGBox" type="CSGBox" parent="."]
transform = Transform( 0.707107, 0, 0.707107, 0, 1, 0, -0.707107, 0, 0.707107, 0, 1, 0 )
material = SubResource( 2 )
script = ExtResource( 1 )

[node name="floor" type="CSGBox" parent="."]
transform = Transform( 0.707107, 0, 0.707107, 0, 1, 0, -0.707107, 0, 0.707107, 0, -0.05, 0 )
width = 10.0
height = 0.1
depth = 10.0

[node name="DirectionalLight" type="DirectionalLight" parent="."]
transform = Transform( 0.803777, 0.110803, -0.584521, 0.538194, -0.554157, 0.635025, -0.253554, -0.825005, -0.505052, 0, 5.45837, 0 )
shadow_enabled = true
shadow_bias = 0.0

[node name="Camera" type="Camera" parent="."]
transform = Transform( 1, 0, 0, 0, 0.866025, 0.5, 0, -0.5, 0.866025, 0, 4.095, 6 )
fov = 50.0

[node name="drawersBaseLoPoly" parent="." instance=ExtResource( 4 )]
transform = Transform( 0.534485, 0, -0.845178, 0, 1, 0, 0.845178, 0, 0.534485, 2.74633, 0, 0 )

[node name="Area" type="Area" parent="drawersBaseLoPoly/drawersBaseLoPoly" index="0"]

[node name="CollisionShape" type="CollisionShape" parent="drawersBaseLoPoly/drawersBaseLoPoly/Area"]
transform = Transform( 0.505, 0, 0, 0, 0.05, 0, 0, 0, 0.25, 0, 0.05, 0.25 )
shape = SubResource( 3 )

[connection signal="input_event" from="drawersBaseLoPoly/drawersBaseLoPoly/Area" to="." method="_on_Area_input_event"]

[editable path="drawersBaseLoPoly"]
